1 0 00185 00176 001 000 000
1 0 00240 00176 001 050 000
1 0 00178 00184 001 050 000
1 0 00128 00184 001 000 000
1 0 00192 00056 003 000 000
1 0 00340 00056 003 050 000
1 0 00168 00248 003 000 000
1 0 00243 00248 003 025 000
1 0 00160 00344 002 050 000
1 0 00060 00344 002 000 000
1 0 00110 00344 002 025 000
1 0 00110 00344 002 075 000
1 0 00292 00344 002 050 000
1 0 00192 00344 002 000 000
1 0 00320 00344 004 000 001
1 0 00520 00304 004 050 001
1 0 00420 00344 004 025 000
1 0 00420 00344 004 075 000
1 0 00320 00344 006 000 000
1 0 00684 00344 006 050 000
1 0 00584 00344 004 000 001
1 0 00784 00304 004 050 001
1 0 00684 00344 004 025 000
1 0 00684 00344 004 075 000
1 0 00484 00344 006 000 000
1 0 00684 00344 006 050 000
1 0 00450 00248 004 000 000
1 0 00550 00248 004 025 000
1 0 00650 00220 004 050 001
1 0 00800 00280 003 000 000
1 0 00875 00280 003 075 000
1 0 00968 00344 006 000 000
1 0 01268 00344 006 050 000
1 0 00984 00280 002 000 001
1 0 00832 00184 003 000 001
1 0 00982 00184 003 050 000
0 0 00000 00000 000 000 000
0 0 00000 00000 000 000 000
0 0 00000 00000 000 000 000
0 0 00000 00000 000 000 000
0 0 00000 00000 000 000 000
0 0 00000 00000 000 000 000
0 0 00000 00000 000 000 000
0 0 00000 00000 000 000 000
0 0 00000 00000 000 000 000
0 0 00000 00000 000 000 000
0 0 00000 00000 000 000 000
0 0 00000 00000 000 000 000
0 0 00000 00000 000 000 000
0 0 00000 00000 000 000 000
