1 0 00088 00208
1 0 00280 00080
1 0 00308 00080
1 0 00316 00080
1 0 00290 00080
1 0 00824 00080
1 0 00840 00080
1 0 00856 00080
1 0 00872 00080
1 0 00888 00080
1 0 00904 00080
1 0 00860 00304
1 0 00880 00304
1 0 00840 00208
1 0 00870 00208
1 0 00900 00208
1 0 01060 00112
1 0 01160 00112
1 0 01220 00112
1 0 01000 00160
1 0 01224 00296
0 0 00000 00000
0 0 00000 00000
1 1 00088 00184
1 1 00080 00176
1 1 00080 00208
1 1 00160 00176
1 1 00168 00168
1 1 00176 00168
1 1 00184 00176
1 1 00408 00344
1 1 00440 00344
1 1 00152 00344
1 1 00848 00270
1 1 00880 00270
1 1 00912 00270
1 1 00848 00184
1 1 00868 00184
1 1 00888 00184
0 1 00908 00092
0 1 00228 00084
0 1 01228 00292
0 1 00188 00294
0 1 00158 00016
1 2 00208 00136
1 2 00144 00104
1 2 00200 00048
1 2 00208 00056
1 2 00216 00048
1 2 00320 00344
1 2 00330 00338
1 2 00340 00332
1 2 00350 00332
1 2 00360 00338
1 2 00370 00344
1 2 00600 00344
1 2 00792 00344
1 2 00824 00048
1 2 00848 00048
1 2 00864 00056
1 2 00880 00056
1 2 00896 00056
1 2 00940 00184
1 2 00966 00184
0 2 00112 00492
1 3 00068 00072
1 3 00076 00072
1 3 00084 00072
1 3 00232 00368
1 3 00248 00368
1 3 00240 00368
1 3 00236 00362
1 3 00244 00362
1 3 00288 00272
1 3 00272 00272
1 3 00520 00368
1 3 00528 00368
1 3 00536 00368
1 3 00544 00368
0 3 00728 00392
0 3 00742 00392
0 1 00128 00692
0 2 00488 00694
0 3 00558 00716
0 1 00504 00616
0 5 00504 00688
0 4 00088 00200
0 1 00528 00592
0 1 00542 00492
0 1 00512 00592
0 1 00528 00384
0 1 00528 00392
0 2 00088 00494
0 3 00158 00316
0 1 00104 00416
0 0 00000 00000
0 0 00000 00000
1 4 00320 00072
1 4 00256 00072
1 4 00328 00128
1 4 00360 00160
1 4 00080 00360
1 4 00128 00360
1 4 00520 00320
1 4 00648 00320
1 4 00712 00320
1 4 00648 00184
1 4 00456 00160
1 4 00480 00160
1 4 00520 00160
1 4 00552 00160
1 4 00416 00064
1 4 00432 00064
1 4 00844 00072
1 4 00886 00072
1 4 01096 00104
1 4 01208 00104
1 4 01256 00248
1 4 01096 00192
0 0 00000 00000
0 0 00000 00000
0 0 00584 00072
1 5 00680 00048
1 5 01184 00088
0 0 00000 00000
0 0 00000 00000
0 0 00000 00000
0 0 00000 00000
0 0 00000 00000
0 0 00000 00000
0 0 00000 00000
0 0 00000 00000
0 0 00000 00000
0 0 00000 00000
0 0 00000 00000
0 0 00000 00000
0 0 00000 00000
0 0 00000 00000
0 0 00000 00000
0 0 00000 00000
0 0 00000 00000
0 0 00000 00000
0 0 00000 00000
0 0 00000 00000
0 0 00000 00000
0 0 00000 00000
0 0 00000 00000
0 0 00000 00000
0 0 00000 00000
0 0 00000 00000
0 0 00000 00000
0 0 00000 00000
0 0 00000 00000
0 0 00000 00000
0 0 00000 00000
0 0 00000 00000
0 0 00000 00000
0 0 00000 00000
0 0 00000 00000
0 0 00000 00000
0 0 00000 00000
0 0 00000 00000
0 0 00000 00000
0 0 00000 00000
0 0 00000 00000
0 0 00000 00000
0 0 00000 00000
0 0 00000 00000
0 0 00000 00000
0 0 00000 00000
0 0 00000 00000
0 0 00000 00000
0 0 00000 00000
0 0 00000 00000
0 0 00000 00000
0 0 00000 00000
0 0 00000 00000
0 0 00000 00000
0 0 00000 00000
0 0 00000 00000
0 0 00000 00000
0 0 00000 00000
0 0 00000 00000
0 0 00000 00000
0 0 00000 00000
0 0 00000 00000
0 0 00000 00000
0 0 00000 00000
0 0 00000 00000
0 0 00000 00000
0 0 00000 00000
0 0 00000 00000
0 0 00000 00000
0 0 00000 00000
0 0 00000 00000
0 0 00000 00000
0 0 00000 00000
0 0 00000 00000
0 0 00000 00000
0 0 00000 00000
0 0 00000 00000
0 0 00000 00000
0 0 00000 00000
0 0 00000 00000
0 0 00000 00000
0 0 00000 00000
0 0 00000 00000
0 0 00000 00000
0 0 00000 00000
0 0 00000 00000
0 0 00000 00000
0 0 00000 00000
0 0 00000 00000
0 0 00000 00000
0 0 00000 00000
0 0 00000 00000
0 0 00000 00000
0 0 00000 00000
0 0 00000 00000
0 0 00000 00000
0 0 00000 00000
0 0 00000 00000
0 0 00000 00000
0 0 00000 00000
0 0 00000 00000
0 0 00000 00000
0 0 00000 00000
0 0 00000 00000
0 0 00000 00000
0 0 00000 00000
0 0 00000 00000
0 0 00000 00000
0 0 00000 00000
0 0 00000 00000
0 0 00000 00000
0 0 00000 00000
0 0 00000 00000
0 0 00000 00000
0 0 00000 00000
0 0 00000 00000
0 0 00000 00000
0 0 00000 00000
0 0 00000 00000
0 0 00000 00000
0 0 00000 00000
0 0 00000 00000
0 0 00000 00000
0 0 00000 00000
0 0 00000 00000
0 0 00000 00000
0 0 00000 00000
0 0 00000 00000
0 0 00000 00000
0 0 00000 00000
0 0 00000 00000
0 0 00000 00000
